0
1
2
10
22
48
68
194
222
237
259
262
265
280
283
285
286
287
292
294
296
300
303
305
356
358
374
407
416
468
469
470
475
481
482
488
497
511
543
544
546
547
549
550
561
562
565
570
573
575
577
582
590
613
614
638
641
642
644
645
648
651
654
662
712
729
730
738
780
785
815
816
817
818
820
821
823
837
838
841
848
853
865
872
876
881
906
907
926
958
960
970
976
1030
1046
1061
1076
1112
1117
1150
1161
1224
1227
1236
1239
1243
1246
1255
1269
1270
1274
1275
1276
1279
1280
1283
1286
1290
1301
1303
1304
1305
1307
1308
1318
1351
1357
1358
1359
1360
1366
1377
1379
1386
1404
1422
1485
1491
1511
1513
1583
1584
1613
1639
1660
1678
1680
1685
1696
1716
1725
1747
1760
1762
1766
1827
1828
1839
1883
2014
2053
2074
2162
2173
2209
2701
2748
2751
9606
10239
10260
10280
10298
10335
10359
10366
10372
10375
10376
10390
10449
10455
10491
10509
10519
10589
10616
10617
10632
10641
10663
10747
10748
10760
10788
10804
10843
10849
11051
11053
11060
11069
11070
11080
11082
11128
11135
11149
11676
11801
11809
11864
11866
11884
11885
11886
11946
11986
11987
12018
12024
12042
12059
12092
12139
12141
12169
12177
12188
12205
12234
12235
12239
12241
12242
12253
12263
12270
12282
12286
12302
12305
12313
12317
12348
12402
12417
12433
12509
12618
12637
12916
13134
13687
13689
13690
28037
28038
28090
28131
28132
28137
28183
28196
28197
28198
28211
28216
28221
28285
28384
28875
28901
29272
29378
29382
29388
29430
29465
29466
29580
31631
31741
31989
32003
32008
32033
32604
33025
33882
33889
33905
33934
33936
33958
33968
34004
34037
34062
34072
34073
35241
35269
35281
35841
36427
36821
36863
37105
37124
37734
37923
38304
38416
39485
39488
39640
39687
39733
39777
39778
39948
40214
40215
40323
40324
41275
41294
41297
42683
43263
43675
44008
44013
44026
44283
45972
45989
46242
46350
46503
47420
47678
47715
47770
47883
47884
47900
47917
48736
49546
51288
51330
51680
53246
54290
54298
55518
56947
57480
57493
57497
57665
57704
58169
58712
59201
59241
59732
59779
60550
61645
61646
61648
62322
64294
64311
66821
67575
67824
70346
71030
71999
72000
72201
73422
74426
74829
75588
75682
76259
76760
76761
77635
78331
78543
80840
80864
80865
80866
83655
84135
85006
85023
85643
85698
86185
87882
88431
90244
90245
90370
91347
91753
93465
95340
95486
97344
98383
100886
102684
104263
107324
108098
108981
110456
111769
112227
112229
113553
115991
119045
119060
119164
119910
121719
122355
122928
122929
123899
125216
128780
128785
129337
129727
129875
129951
130308
130309
130310
131083
131567
134623
135619
135620
135621
135622
136843
137591
138118
138950
139021
141948
143920
145856
147645
147802
148943
149539
150247
153057
153135
155894
156690
157687
158836
158846
160674
160826
161736
163604
164416
165179
165432
166486
168238
168471
170325
171549
176652
179408
179636
181084
185638
185639
185951
185955
186188
186532
186764
186772
186802
186803
186817
187218
188763
190064
190721
195105
196159
196164
196806
196816
196821
196869
196894
196896
197783
200450
200644
202746
202954
202956
204455
204457
206351
206389
207340
211044
211787
213782
213849
214851
215580
215691
216595
216816
216851
220638
225991
225992
227290
228578
234601
237020
237258
238749
238854
239759
239935
243563
244566
247480
251749
252130
253700
253701
255248
255507
257464
257708
262177
262209
262543
267889
268746
270673
272942
273133
279303
279383
281362
282786
288000
290314
291175
293178
294369
297352
299767
307454
310540
313985
315393
318167
319706
321846
322509
323259
326298
327387
329381
329639
329854
330922
331278
333759
333761
333765
333767
333923
334203
335103
335541
335929
337043
338101
338106
338473
340146
343874
354090
354260
354276
354328
357276
358220
359110
359919
360911
363745
363952
365044
368607
368735
371601
372457
373406
373996
375288
376758
378833
382359
386793
386891
387090
392610
397544
398767
399183
399781
403905
411459
413066
423477
425279
426114
437897
438780
440266
441209
442302
444860
445576
446471
446860
447909
451705
455364
455432
459349
461711
462590
464980
470565
471717
472759
482957
487311
487316
488447
489632
490039
491915
493803
501783
504501
518738
521095
526218
526225
532076
535712
536444
537011
537874
538123
538979
543153
545932
546367
547045
547228
549779
550542
552592
553814
555387
556053
557393
558017
558537
566308
568209
568715
571800
572477
572480
573370
573591
575614
576610
577650
578234
584708
585059
588932
590403
590745
593750
595494
595537
638313
639200
640081
640205
641487
642926
644007
645664
645687
646413
649349
651580
651733
653931
657313
658630
660470
663243
663364
663365
664643
665032
666681
680114
680115
680118
680277
680646
682382
683172
683174
683735
687803
691963
691964
693272
693582
694003
694009
698486
698487
698488
698489
700939
702113
704125
709032
709484
711470
712122
712270
712623
712633
741155
743543
745088
747056
749413
754037
754039
754042
754046
754048
754066
756892
760192
760530
760732
762660
764561
764562
767473
857312
858619
861445
862909
869209
869662
879212
880159
881915
889813
889876
909210
909333
909656
909932
910475
913109
925986
926067
926474
927704
935222
945962
980427
981323
981330
990316
994601
994994
1006576
1028416
1032070
1032071
1042123
1046267
1046403
1046624
1049283
1049583
1051631
1051673
1051674
1051675
1051676
1051973
1054033
1054968
1070409
1071177
1071503
1074213
1076759
1079998
1080223
1089137
1090134
1094466
1094892
1100043
1109711
1110502
1113547
1115692
1116482
1121115
1126951
1127514
1128151
1128424
1129264
1131315
1131316
1141135
1141138
1141526
1141625
1147042
1147044
1147094
1147139
1157338
1161906
1161927
1162290
1162295
1162304
1162305
1162306
1163399
1166950
1168281
1168563
1169032
1170562
1173026
1175654
1175657
1175659
1175662
1175663
1176736
1177574
1184267
1187128
1188792
1188793
1193502
1195085
1198013
1198014
1198136
1198140
1198329
1198980
1204516
1204517
1204528
1204542
1206110
1206300
1206313
1206557
1206558
1206777
1211640
1221522
1224162
1224163
1224515
1228012
1229760
1229782
1229784
1229786
1229787
1229788
1229790
1229791
1229792
1229793
1232428
1235640
1235647
1235650
1235653
1235654
1235655
1235656
1235689
1236000
1236518
1237159
1239382
1239565
1245526
1246301
1247114
1248396
1262515
1262516
1262517
1262528
1262533
1262537
1262540
1267217
1269028
1273709
1273738
1274359
1285382
1288484
1288636
1289467
1296669
1299429
1301280
1307804
1308899
1313215
1316408
1316411
1324352
1324796
1327770
1327935
1327956
1330521
1330524
1335230
1337936
1340769
1340801
1340831
1341019
1344959
1349409
1349410
1357706
1385385
1389204
1391223
1391428
1391702
1399915
1401669
1403390
1406779
1406974
1412875
1414738
1415145
1415146
1415147
1415148
1416009
1416011
1416631
1417756
1428684
1429759
1429768
1434319
1434720
1435008
1436889
1437824
1439894
1445858
1445859
1448274
1448276
1450142
1450746
1450749
1455074
1458426
1458669
1458670
1458711
1458717
1458863
1463158
1463165
1476390
1476487
1481112
1481186
1481187
1493511
1498172
1498188
1499392
1500386
1500798
1500799
1500801
1500807
1500810
1500813
1500814
1500816
1500820
1500825
1500827
1500828
1500831
1501662
1505227
1507401
1510570
1511871
1511872
1511882
1511883
1511885
1513196
1516080
1519399
1519409
1519788
1524910
1526408
1527519
1527524
1529909
1530400
1540094
1540095
1542477
1545044
1546257
1547495
1548905
1548912
1555202
1558467
1560313
1560342
1560514
1563661
1566990
1566995
1567012
1567027
1567029
1567453
1567484
1572703
1572704
1572712
1573458
1581011
1582259
1586713
1587509
1587907
1589270
1589274
1589297
1589746
1589747
1589748
1595998
1597967
1597976
1598146
1604355
1604876
1608310
1610509
1610872
1615674
1619313
1620895
1622114
1623275
1623280
1623281
1623283
1623303
1623304
1623305
1623306
1629654
1636189
1636270
1636545
1636566
1636573
1636582
1637496
1639814
1642663
1644131
1646498
1647282
1647286
1647391
1647469
1647474
1654740
1654780
1654781
1654782
1655012
1655014
1655015
1655016
1655017
1655018
1655019
1655020
1655021
1655022
1655023
1655645
1658671
1662330
1664247
1673887
1675602
1675606
1675607
1678128
1678129
1682490
1689272
1690456
1690805
1698360
1698366
1698708
1699621
1701257
1701810
1701811
1701813
1701814
1701824
1701826
1701828
1701830
1706371
1714570
1718158
1718273
1718606
1729933
1729936
1729937
1735038
1735591
1737346
1746063
1747271
1750527
1751046
1751095
1758194
1761477
1763998
1765049
1772332
1775250
1776177
1777065
1777069
1777122
1780507
1783272
1784981
1788301
1792222
1795998
1805459
1812935
1814960
1815521
1815522
1815630
1815976
1815986
1815988
1821541
1821723
1826170
1827300
1836608
1837876
1838064
1838074
1838075
1838084
1838286
1839785
1843737
1844477
1846168
1849015
1852622
1852625
1852629
1852644
1855619
1855880
1855910
1857843
1858609
1866885
1868596
1868658
1871313
1873949
1873954
1874593
1880590
1882749
1883365
1883369
1883371
1883374
1883379
1885242
1886807
1887647
1887648
1890450
1891762
1892569
1904944
1906742
1907767
1910937
1910951
1910952
1910992
1912216
1912318
1912321
1913114
1913650
1913651
1913652
1913654
1914165
1914850
1914851
1914852
1915205
1917166
1920753
1920762
1920765
1920774
1920860
1920865
1921544
1922243
1922329
1922348
1922513
1923094
1923144
1923145
1923146
1923451
1923631
1923634
1923727
1923781
1925548
1926594
1926868
1930269
1930509
1932883
1933412
1938604
1938606
1938607
1958907
1958922
1962501
1962503
1964565
1965354
1965384
1965474
1965478
1965482
1965490
1970374
1980928
1982095
1982239
1982251
1982275
1982278
1982290
1982302
1982355
1982371
1982562
1982583
1982876
1983409
1983553
1983557
1983784
1984776
1985182
1985303
1985305
1985325
1985328
1985329
1985382
1985417
1985711
1985720
1985733
1986204
1986479
1987356
1987509
2003315
2004644
2004646
2004710
2005048
2005458
2005462
2006115
2006684
2008795
2010829
2015804
2015853
2016052
2017081
2018067
2023996
2024237
2024264
2024340
2026080
2026102
2026885
2026943
2026944
2027277
2029658
2029659
2029661
2029663
2029664
2029666
2029667
2029671
2029676
2029986
2039166
2041212
2044561
2047801
2047872
2047873
2047966
2048976
2048977
2048979
2049444
2049589
2052742
2052930
2053078
2053287
2053603
2053701
2056231
2057025
2057741
2058152
2059850
2059856
2060084
2060511
2066483
2067065
2070181
2070182
2070184
2070186
2070187
2070188
2070198
2074132
2077134
2079290
2079429
2079596
2099338
2099356
2099584
2099850
2107708
2107709
2108116
2108137
2108359
2109914
2109915
2126724
2136182
2137745
2138298
2138299
2153354
2163970
2169532
2169536
2169621
2169622
2169746
2169934
2169990
2175295
2175605
2182350
2200716
2200756
2201350
2201431
2201435
2202149
2202825
2217913
2219225
2234047
2234093
2250291
2250319
2267236
2267275
2267653
2268026
2268587
2268589
2268610
2283013
2283029
2283031
2283236
2283270
2283271
2283297
2283388
2301548
2301556
2301558
2301731
2303331
2303332
2305481
2305489
2306583
2315217
2315475
2315485
2315616
2315700
2315703
2315766
2321111
2321114
2419618
2419682
2419756
2478662
2484206
2484217
2487072
2488571
2490452
2493633
2496547
2496992
2499073
2500149
2500166
2500532
2502306
2502409
2508071
2508180
2508193
2508206
2509457
2509459
2509481
2509511
2510508
2510941
2510943
2517971
2518343
2530023
2530024
2530172
2530183
2557553
2557554
2559073
2560029
2560086
2560094
2560111
2560132
2560133
2560144
2560154
2560233
2560244
2560401
2562192
2562456
2562635
2562661
2563897
2564349
2565368
2565500
2565555
2571082
2575255
2575610
2575612
2576926
2585117
2588093
2588098
2588099
2588501
2588515
2588517
2588518
2588520
2589652
2589658
2590869
2590936
2590948
2591031
2591109
2591403
2593268
2593672
2593676
2594913
2596672
2596673
2596674
2596966
2599857
2600177
2601626
2601675
2601680
2604899
2605424
2608321
2608369
2608887
2610881
2610896
2618290
2619626
2624793
2625466
2626047
2636767
2640945
2649760
2650157
2655002
2656515
2656534
2656540
2656541
2662295
2662297
2662298
2663009
2664899
2666132
2674970
2675240
2675242
2675254
2675257
2675258
2675263
2678601
2679905
2681552
2682455
2682456
2682610
2684926
2686245
2686246
2686250
2686266
2686279
2686437
2689110
2695849
2696340
2696397
2697023
2697049
2698682
2698929
2708350
2709317
2713276
2714923
2719575
2719588
2721757
2721760
2723758
2723769
2725477
2725684
2726954
2729575
2731619
2731621
2731653
2731941
2732013
2732017
2732038
2732068
2732613
2732677
2732683
2732686
2732693
2732960
2732962
2732968
2732969
2732970
2733088
2733124
2733141
2733155
2733161
2733174
2733208
2733220
2734153
2735906
2738413
2742114
2742598
2743575
2745509
2745514
2745518
2748961
2749426
2753607
2758572
2759464
2759692
2759715
2760307
2760308
2762283
2762318
2762322
2762331
2762577
2763010
2763102
2763672
2764720
2767188
2769491
2771436
2772059
2772060
2772064
2772066
2772067
2772068
2772069
2772070
2772072
2772073
2772074
2772077
2772078
2772079
2772080
2772084
2772085
2772086
2772087
2772088
2772089
2772090
2772091
2772092
2772093
2772095
2772511
2776735
2778054
2779889
2782232
2788002
2794946
2796366
2798861
2800373
2801477
2801546
2801834
2801997
2806347
2806547
2808963
2809020
2812854
2816950
2820395
2829816
2831966
2842329
2842423
2842570
2842586
2842653
2842888
2842979
2843351
2843355
2843362
2843366
2843374
2843389
2843411
2843418
2843426
2843436
2843466
2843470
2843478
2844217
2845093
2847060
2847062
2847107
2853257
2861284
2867233
2869543
2869545
2869552
2869553
2869555
2869556
2871493
2872754
2878009
2878013
2879119
2880362
2883944
2884263
2892342
2892344
2892348
2892442
2893886
2895485
2895947
2898541
2899133
2901380
2905685
2905688
2905727
2906062
2908637
2911431
2911432
2911441
2913972
2913974
2913982
2914004
2914013
2919543
2919544
2919549
2919552
2922990
2928686
2929491
2929495
2930198
2932879
2933872
2942966
2942969
2942975
2942989
2942992
2942993
2942994
2943016
2946160
2946644
2946648
2946811
2946815
2946820
2946830
2948643
2948645
2948652
2948679
2948680
2948768
2948776
2948787
2948791
2948800
2948833
2948873
2948877
2949635
2953752
2955582
2962597
2972485
2983299
2984843
2986394
2986395
2986396
2986397
2986398
2986399
2986400
2986402
2986403
2986404
2986405
2986406
2986407
2986408
2986409
2986410
2986411
2986412
2986413
2986414
2986415
2986417
2986418
2986419
2986420
2986828
2991867
