0
1
2
517
727
1224
1313
1717
2104
2323
10239
10472
10474
10556
12333
12429
12877
32008
32066
40117
48479
49928
57723
67818
68297
74152
83558
131567
185751
185752
186616
200783
200918
200930
200938
200940
203691
292638
324686
423358
451344
508458
552364
573053
687329
1232647
1232737
1458186
1511855
1783257
1783270
1783272
1802340
1930617
1993640
2080735
2138240
2169572
2498710
2559587
2560062
2698788
2716431
2731341
2731342
2732004
2732901
2732902
2787823
2787854
2818505
2840022
2840056
2842242
2904303
2946196
2954143
